GUI_configuration_file
perspectiveCorr: 1
autoFitting: 0
binning: 0
actualTop: 0.785
actualTheta: 0.000
actualDistance: 5.050
virtualTop: 0.754
virtualTheta: 0.000
virtualDistance: 3.664
virtualShift: 0.000
virtualAspect: 1.265
correctPerc: 0
coxc: 319.5
coyc: 239.5
cpxc: 319.5
cpxv: 360.5
FSM: 5
PAL: 0
progressive: 0
TSM: 4
rScene
0.000000
25.000000
45.000000
68.000000
94.000000
121.000000
148.000000
176.000000
207.000000
246.000000
295.000000
355.000000
423.000000
503.000000
610.000000
660.000000
700.000000
730.000000
760.000000
rSensor
0.000000
36.000000
64.000000
94.000000
126.000000
156.000000
183.000000
207.000000
230.000000
254.000000
278.000000
299.000000
318.000000
334.000000
348.000000
355.000000
360.000000
364.000000
368.000000
calibrationData
40.000
80.000
120.000
160.000
200.000
240.000
320.000
400.000
600.000
760.000
h_offset:  0.0
v_offset:  0.0
